64 0.00409985 
70 0.00513091 
77 0.00516625 
84 0.00518512 
92 0.00517872 
101 0.00522655 
111 0.00526866 
122 0.00529052 
134 0.00622119 
147 0.00630151 
161 0.00632965 
177 0.00632 
194 0.00624325 
213 0.00654256 
234 0.00650803 
257 0.00762975 
282 0.00800161 
310 0.00780786 
341 0.00821586 
375 0.00805291 
412 0.00849686 
453 0.00858229 
498 0.00855793 
547 0.010831 
601 0.0111628 
661 0.011293 
727 0.0115509 
799 0.0119147 
878 0.0122469 
965 0.0128638 
1061 0.0164813 
1167 0.0164683 
1283 0.0164499 
1411 0.0165094 
1552 0.0164482 
1707 0.0164569 
1877 0.0169964 
2064 0.022501 
2270 0.0225931 
2497 0.0227214 
2746 0.0226466 
3020 0.0241983 
3322 0.0229715 
3654 0.0232265 
4019 0.0239119 
4420 0.0303403 
4862 0.0302824 
5348 0.0307665 
5882 0.0308101 
6470 0.0305399 
7117 0.0326013 
7828 0.030903 
8610 0.0396885 
9471 0.0402883 
10418 0.0400792 
11459 0.0411522 
12604 0.0400357 
13864 0.0405 
15250 0.0413913 
16775 0.0581905 
18452 0.0585965 
20297 0.0591923 
22326 0.0598511 
24558 0.0626512 
27013 0.0631538 
29714 0.0607778 
32685 0.0829697 
35953 0.0980333 
39548 0.097963 
43502 0.09908 
47852 0.110727 
52637 0.10985 
57900 0.110263 
63690 0.136647 
70059 0.166867 
77064 0.172857 
84770 0.173 
93247 0.1985 
102571 0.208545 
112828 0.2144 
124110 0.240333 
136521 0.2935 
150173 0.299 
165190 0.338 
181709 0.347333 
199879 0.387833 
219866 0.4476 
241852 0.4416 
266037 0.5555 
292640 0.61525 
321904 0.71925 
354094 0.858333 
389503 1.03267 
428453 1.52967 
471298 1.792 
518427 1.96333 
570269 2.5 
627295 2.751 
690024 3.0255 
759026 3.2945 
834928 3.629 
918420 3.9725 
1010262 4.3845 
1111288 5.65 
1222416 6.069 
1344657 6.656 
1479122 7.326 
1627034 8.081 
1789737 8.859 
1968710 9.757 
2165581 12.232 
2382139 13.413 
2620352 14.778 
2882387 16.241 
3170625 17.865 
3487687 19.628 
3836455 21.61 
4220100 27.053 
4642110 29.723 
5106321 32.61 
5616953 35.828 
6178648 39.524 
6796512 43.471 
7476163 47.934 
8223779 52.863 
9046156 65.332 
9950771 71.871 
10945848 79.05 
12040432 87.092 
13244475 95.857 
14568922 105.747 
16025814 116.378 
17628395 143.077 
19391234 157.422 
21330357 173.258 
23463392 190.895 
25809731 210.209 
28390704 231.174 
31229774 254.8 
34352751 311.87 
37788026 343.146 
41566828 377.583 
45723510 415.251 
50295861 458.118 
55325447 549.361 
60857991 606.509 
66943790 659.124 
73638169 805.852 
81001985 869.354 
89102183 953.902 
98012401 1051.61 
107813641 1160.35 
118595005 1272.73 
130454505 1385.17 
143499955 1673.37 
157849950 1824.03 
173634945 2032.5 
190998439 2235.51 
210098282 2435.43 
231108110 2692.79 
254218921 2945.13 
